1 0
2 0
2 1 0 1
3 0
3 1 0 2
3 2 0 1 1 2
3 3 0 1 0 2 1 2
4 0
4 1 0 3
4 2 0 3 1 3
4 3 1 2 1 3 2 3
4 2 0 3 1 2
4 3 0 1 1 2 2 3
4 4 0 1 0 2 1 3 2 3
4 3 0 1 0 2 0 3
4 4 0 1 0 2 1 2 2 3
4 5 0 1 0 2 1 2 1 3 2 3
4 6 0 1 0 2 0 3 1 2 1 3 2 3
5 0
5 1 1 4
5 4 1 3 1 4 2 3 2 4
5 7 0 3 0 4 1 3 1 4 2 3 2 4 3 4
5 4 0 4 1 2 1 4 2 4
5 6 1 2 1 3 1 4 2 3 2 4 3 4
5 7 0 4 1 2 1 3 1 4 2 3 2 4 3 4
5 5 0 3 0 4 1 2 1 4 3 4
5 8 0 3 0 4 1 2 1 3 1 4 2 3 2 4 3 4
5 2 0 2 1 3
5 5 0 2 0 3 0 4 2 3 2 4
5 6 0 2 0 3 0 4 1 4 2 3 2 4
5 3 0 2 0 3 1 3
5 6 0 2 0 3 0 4 1 3 1 4 2 4
5 6 0 2 0 3 0 4 1 2 1 3 1 4
5 7 0 2 0 3 0 4 1 2 1 3 1 4 2 4
5 3 0 1 2 3 3 4
5 4 0 1 2 3 2 4 3 4
5 4 0 1 1 2 2 3 3 4
5 5 0 1 0 4 1 2 2 3 3 4
5 7 0 1 0 4 1 2 1 4 2 3 2 4 3 4
5 4 0 1 1 2 1 3 3 4
5 5 0 1 1 2 1 3 1 4 3 4
5 8 0 1 0 3 0 4 1 2 1 4 2 3 2 4 3 4
5 2 0 1 0 2
5 5 0 1 0 2 1 3 2 3 2 4
5 3 0 1 0 2 0 3
5 4 0 1 0 2 0 3 0 4
5 6 0 1 0 2 0 3 1 3 2 3 3 4
5 3 0 1 0 2 1 2
5 5 0 1 0 2 0 3 1 2 1 4
5 6 0 1 0 2 0 3 0 4 1 2 3 4
5 9 0 1 0 2 0 3 0 4 1 2 1 3 2 3 2 4 3 4
5 10 0 1 0 2 0 3 0 4 1 2 1 3 1 4 2 3 2 4 3 4
6 7 0 4 1 3 1 4 1 5 2 4 2 5 3 5
6 9 0 5 1 3 1 4 1 5 2 3 2 4 2 5 3 5 4 5
6 6 0 3 0 4 0 5 2 3 3 5 4 5
6 6 0 3 0 4 0 5 1 5 2 3 3 5
6 8 0 3 0 4 0 5 1 3 1 4 1 5 2 3 2 4
6 9 0 3 0 4 0 5 1 3 1 4 1 5 2 3 2 4 2 5
6 12 0 3 0 4 0 5 1 3 1 4 1 5 2 3 2 4 2 5 3 4 3 5 4 5
6 11 0 4 0 5 1 2 1 3 1 4 1 5 2 3 2 4 2 5 3 4 3 5
6 8 0 3 0 4 0 5 1 2 1 4 1 5 2 5 3 4
6 8 0 3 0 4 0 5 1 2 1 4 1 5 2 4 2 5
6 8 0 3 0 5 1 2 1 5 2 3 2 5 3 5 4 5
6 7 0 2 0 5 1 3 1 5 2 5 3 5 4 5
6 7 0 2 1 3 2 4 2 5 3 4 3 5 4 5
6 6 0 2 0 5 1 3 1 4 3 4 3 5
6 9 0 2 0 4 0 5 1 3 1 4 2 4 2 5 3 5 4 5
6 9 0 2 0 4 0 5 1 3 1 4 1 5 2 4 2 5 4 5
6 9 0 2 0 4 0 5 1 3 1 4 1 5 2 4 2 5 3 5
6 10 0 2 0 4 0 5 1 3 1 4 1 5 2 4 2 5 3 4 3 5
6 11 0 2 0 4 0 5 1 3 1 4 1 5 2 4 2 5 3 4 3 5 4 5
6 8 0 2 0 3 0 4 0 5 1 4 1 5 2 4 3 5
6 10 0 2 0 3 0 4 0 5 1 4 2 3 2 4 2 5 3 5 4 5
6 8 0 2 0 3 0 5 1 3 2 4 3 4 3 5 4 5
6 5 0 2 0 3 1 3 1 4 2 4
6 8 0 2 0 3 0 5 1 3 1 4 2 4 2 5 3 5
6 9 0 2 0 3 0 5 1 3 1 4 1 5 2 4 2 5 3 5
6 8 0 2 0 3 0 4 0 5 1 3 2 4 2 5 4 5
6 9 0 2 0 3 0 4 0 5 1 3 1 5 2 4 2 5 3 5
6 8 0 2 0 3 0 4 1 3 1 5 2 4 3 4 3 5
6 8 0 2 0 3 0 4 0 5 1 3 2 4 3 4 4 5
6 8 0 2 0 3 0 4 1 3 1 4 1 5 2 5 3 5
6 10 0 2 0 3 0 4 0 5 1 3 1 4 1 5 2 5 3 5 4 5
6 8 0 2 0 3 0 4 0 5 1 3 1 4 1 5 3 4
6 9 0 2 0 3 0 4 0 5 1 3 1 4 1 5 3 4 3 5
6 6 0 2 0 3 0 4 1 3 1 4 2 4
6 7 0 2 0 3 0 4 1 3 1 4 2 4 4 5
6 9 0 2 0 3 0 4 1 3 1 4 1 5 2 4 2 5 3 5
6 9 0 2 0 3 0 4 0 5 1 3 1 4 2 4 3 5 4 5
6 8 0 2 0 3 0 4 0 5 1 3 1 4 1 5 2 4
6 10 0 2 0 3 0 4 0 5 1 3 1 4 1 5 2 4 3 5 4 5
6 10 0 2 0 3 0 4 0 5 1 3 1 4 1 5 2 4 2 5 4 5
6 10 0 2 0 3 0 4 0 5 1 3 1 4 1 5 2 4 2 5 3 5
6 11 0 2 0 3 0 4 0 5 1 3 1 4 1 5 2 4 2 5 3 4 3 5
6 8 0 2 0 3 0 4 0 5 1 3 2 3 2 4 3 5
6 10 0 2 0 3 0 4 0 5 1 3 1 5 2 3 2 4 2 5 3 5
6 11 0 2 0 3 0 4 0 5 1 3 1 4 1 5 2 3 2 4 2 5 3 5
6 12 0 2 0 3 0 4 0 5 1 3 1 4 1 5 2 3 2 4 2 5 3 5 4 5
6 5 0 2 1 2 3 4 3 5 4 5
6 6 0 2 1 2 2 3 3 4 3 5 4 5
6 12 0 2 0 3 0 4 0 5 1 2 1 3 1 4 1 5 2 4 2 5 3 4 3 5
6 3 0 1 2 3 4 5
6 9 0 1 0 3 0 4 0 5 1 3 1 4 1 5 2 4 2 5
6 10 0 1 0 3 0 4 0 5 1 3 1 4 1 5 2 3 2 4 2 5
6 3 0 1 1 2 3 4
6 4 0 1 1 2 3 4 4 5
6 5 0 1 1 2 1 4 3 4 4 5
6 7 0 1 1 2 1 4 1 5 2 5 3 4 4 5
6 4 0 1 1 2 2 3 4 5
6 5 0 1 1 2 2 3 3 4 4 5
6 5 0 1 1 2 2 3 3 4 3 5
6 5 0 1 1 2 2 3 2 5 3 4
6 7 0 1 1 2 2 3 2 5 3 4 3 5 4 5
6 6 0 1 1 2 1 5 2 3 2 5 3 4
6 6 0 1 0 5 1 2 2 3 3 4 4 5
6 8 0 1 0 5 1 2 1 5 2 3 2 5 3 4 3 5
6 9 0 1 0 5 1 2 1 5 2 3 2 5 3 4 3 5 4 5
6 6 0 1 1 2 2 3 2 4 2 5 4 5
6 7 0 1 1 2 2 3 2 4 2 5 3 5 4 5
6 5 0 1 1 2 2 3 2 4 3 4
6 7 0 1 0 5 1 2 2 3 2 4 3 4 4 5
6 7 0 1 1 2 1 4 1 5 2 3 2 5 3 5
6 7 0 1 0 5 1 2 1 4 2 3 2 5 4 5
6 6 0 1 1 2 1 4 2 3 3 4 4 5
6 7 0 1 1 2 1 4 1 5 2 3 3 4 3 5
6 6 0 1 0 4 1 2 2 3 3 4 4 5
6 7 0 1 0 4 1 2 1 5 2 3 3 4 4 5
6 10 0 1 0 4 0 5 1 2 1 5 2 3 2 5 3 4 3 5 4 5
6 7 0 1 0 4 1 2 1 4 1 5 2 3 2 5
6 5 0 1 1 2 1 3 1 5 3 4
6 7 0 1 1 2 1 3 2 3 2 5 3 4 4 5
6 4 0 1 0 3 1 2 2 3
6 5 0 1 0 3 1 2 2 3 4 5
6 6 0 1 0 3 1 2 2 3 3 4 4 5
6 6 0 1 0 3 1 2 2 3 3 4 3 5
6 6 0 1 0 3 1 2 1 5 2 3 3 4
6 9 0 1 0 3 0 4 1 2 1 5 2 3 2 4 2 5 4 5
6 8 0 1 0 3 0 4 0 5 1 2 1 4 1 5 2 3
6 8 0 1 0 3 0 4 1 2 1 4 2 3 2 4 3 4
6 7 0 1 0 2 0 4 1 3 1 4 2 4 3 4
6 7 0 1 0 2 1 3 2 3 3 4 3 5 4 5
6 7 0 1 0 2 1 3 2 3 2 4 3 5 4 5
6 4 0 1 0 2 0 3 4 5
6 3 0 1 0 2 1 2
6 6 0 1 0 2 1 2 3 4 3 5 4 5
6 7 0 1 0 2 1 2 2 5 3 4 3 5 4 5
6 9 0 1 0 2 1 2 1 3 1 4 2 4 2 5 3 4 4 5
6 9 0 1 0 2 1 2 1 3 1 4 1 5 2 4 2 5 3 4
6 6 0 1 0 2 0 3 0 4 1 2 3 4
6 8 0 1 0 2 0 3 0 5 1 2 2 3 3 4 4 5
7 9 0 5 0 6 1 6 2 4 3 4 3 5 4 5 4 6 5 6
7 9 0 4 0 5 0 6 1 4 1 5 1 6 2 6 3 4 4 6
7 9 0 5 0 6 1 3 1 4 1 6 2 4 2 6 3 6 4 6
7 10 0 3 0 4 0 5 0 6 1 6 2 3 3 5 3 6 4 5 4 6
7 10 0 3 0 4 0 5 0 6 1 6 2 3 2 5 3 5 3 6 4 6
7 9 0 3 0 4 0 5 1 5 1 6 2 3 2 6 3 5 4 6
7 12 0 3 0 4 0 5 0 6 1 5 1 6 2 3 2 6 3 5 3 6 4 6 5 6
7 9 0 3 1 3 1 4 1 5 1 6 2 5 3 5 3 6 5 6
7 9 0 3 0 4 0 5 0 6 1 3 1 4 1 5 1 6 2 6
7 10 0 3 0 4 0 5 0 6 1 3 1 4 1 5 1 6 2 5 2 6
7 9 0 3 0 4 1 3 1 4 1 5 1 6 2 4 2 5 4 6
7 11 0 3 0 4 1 3 1 4 1 5 1 6 2 4 2 5 3 5 3 6 5 6
7 9 0 3 0 4 0 5 1 3 1 4 1 5 2 3 2 4 2 5
7 11 0 3 0 4 0 5 1 3 1 4 1 5 1 6 2 3 2 4 2 5 4 6
7 10 0 3 0 4 0 5 0 6 1 3 1 4 1 5 2 3 2 4 2 5
7 9 0 4 0 5 0 6 1 2 1 4 1 5 1 6 3 6 5 6
7 11 0 5 0 6 1 2 1 5 1 6 2 3 2 5 2 6 3 4 3 5 3 6
7 12 0 6 1 2 1 3 1 4 1 5 1 6 2 3 2 6 3 4 3 6 4 5 4 6
7 13 0 6 1 2 1 3 1 4 1 5 1 6 2 3 2 5 2 6 3 4 3 6 4 5 4 6
7 15 0 4 0 5 0 6 1 2 1 3 1 4 1 5 1 6 2 3 2 4 2 5 2 6 3 4 3 5 3 6
7 18 0 4 0 5 0 6 1 2 1 3 1 4 1 5 1 6 2 3 2 4 2 5 2 6 3 4 3 5 3 6 4 5 4 6 5 6
7 7 0 3 0 4 0 6 1 2 1 5 1 6 3 4
7 8 0 3 0 4 0 6 1 2 1 5 1 6 2 5 3 4
7 11 0 3 0 4 0 5 0 6 1 2 1 4 1 5 1 6 2 5 3 4 3 6
7 13 0 3 0 4 0 5 0 6 1 2 1 4 1 5 1 6 2 5 3 4 3 6 4 6 5 6
7 12 0 3 0 4 0 5 0 6 1 2 1 4 1 5 1 6 2 5 2 6 3 4 3 6
7 10 0 3 0 4 0 5 0 6 1 2 1 4 1 5 2 4 2 5 3 6
7 15 0 3 0 4 0 5 0 6 1 2 1 4 1 5 1 6 2 4 2 6 3 4 3 5 4 5 4 6 5 6
7 9 0 3 0 4 0 5 1 2 1 4 1 5 2 3 2 5 3 4
7 12 0 3 0 4 0 5 1 2 1 4 1 5 1 6 2 3 2 5 2 6 3 4 5 6
7 9 0 2 0 5 1 3 1 5 1 6 2 5 2 6 3 4 3 6
7 10 0 2 0 5 0 6 1 3 1 5 1 6 2 5 2 6 3 4 3 6
7 11 0 2 0 5 0 6 1 3 1 5 1 6 2 5 2 6 3 4 3 6 4 6
7 13 0 2 0 5 0 6 1 3 1 4 1 5 1 6 2 4 2 5 2 6 3 4 3 5 3 6
7 14 0 2 0 5 0 6 1 3 1 4 1 5 1 6 2 4 2 5 2 6 3 4 3 5 3 6 5 6
7 13 0 2 0 4 0 5 0 6 1 3 1 4 1 5 1 6 2 5 3 4 3 5 3 6 4 6
7 15 0 2 0 3 0 4 0 5 0 6 1 4 1 5 1 6 2 5 2 6 3 4 3 6 4 5 4 6 5 6
7 8 0 2 0 3 0 4 1 4 1 6 2 4 2 5 3 5
7 10 0 2 0 3 0 6 1 3 1 5 1 6 3 5 4 5 4 6 5 6
7 10 0 2 0 3 1 3 1 4 1 5 1 6 2 5 3 5 3 6 5 6
7 11 0 2 0 3 0 5 0 6 1 3 1 4 1 6 2 6 3 4 3 6 4 5
7 11 0 2 0 3 0 5 0 6 1 3 1 4 1 6 2 5 2 6 3 4 3 6
7 12 0 2 0 3 0 5 0 6 1 3 1 4 1 6 2 5 2 6 3 4 3 6 4 5
7 8 0 2 0 3 1 3 1 4 2 4 2 6 3 5 5 6
7 10 0 2 0 3 1 3 1 4 1 6 2 4 2 6 3 5 4 5 5 6
7 9 0 2 0 3 0 6 1 3 1 4 2 4 2 5 3 5 5 6
7 9 0 2 0 3 0 5 0 6 1 3 1 4 2 4 2 6 3 5
7 8 0 2 0 3 0 4 1 3 2 4 2 5 2 6 5 6
7 9 0 2 0 3 0 4 0 6 1 3 1 5 2 4 3 5 3 6
7 13 0 2 0 3 0 4 0 5 0 6 1 3 1 5 1 6 2 4 2 6 3 4 3 5 3 6
7 14 0 2 0 3 0 4 0 5 0 6 1 3 1 5 1 6 2 4 2 6 3 4 3 5 3 6 4 5
7 11 0 2 0 3 0 4 0 6 1 3 1 4 1 6 2 4 3 6 4 6 5 6
7 8 0 2 0 3 0 4 0 6 1 3 1 4 2 4 4 5
7 11 0 2 0 3 0 4 0 6 1 3 1 4 2 4 3 5 3 6 4 6 5 6
7 12 0 2 0 3 0 4 0 6 1 3 1 4 1 6 2 4 3 5 3 6 4 6 5 6
7 9 0 2 0 3 0 4 1 3 1 4 2 4 2 5 3 5 3 6
7 12 0 2 0 3 0 4 0 6 1 3 1 4 1 5 2 4 3 5 3 6 4 6 5 6
7 12 0 2 0 3 0 4 0 6 1 3 1 4 1 5 1 6 2 4 3 5 3 6 5 6
7 10 0 2 0 3 0 4 1 3 1 4 1 5 2 4 2 5 3 5 5 6
7 13 0 2 0 3 0 4 1 3 1 4 1 5 1 6 2 4 2 5 2 6 3 5 3 6 4 6
7 14 0 2 0 3 0 4 0 6 1 3 1 4 1 5 1 6 2 4 2 5 2 6 3 5 3 6 4 6
7 13 0 2 0 3 0 4 0 5 0 6 1 3 1 4 1 6 2 4 2 5 2 6 3 6 4 6
7 14 0 2 0 3 0 4 0 5 0 6 1 3 1 4 1 6 2 4 2 5 2 6 3 6 4 5 4 6
7 12 0 2 0 3 0 4 0 5 1 3 1 4 2 4 2 5 2 6 3 5 4 5 4 6
7 14 0 2 0 3 0 4 0 5 0 6 1 3 1 4 2 4 2 5 2 6 3 5 3 6 4 5 4 6
7 15 0 2 0 3 0 4 0 5 0 6 1 3 1 4 1 6 2 4 2 5 2 6 3 5 4 5 4 6 5 6
7 14 0 2 0 3 0 4 0 5 0 6 1 3 1 4 1 5 1 6 2 4 2 6 3 6 4 5 4 6
7 13 0 2 0 3 0 4 0 5 0 6 1 3 1 4 1 5 2 4 2 6 3 5 3 6 4 6
7 12 0 2 0 3 0 4 0 5 1 3 1 4 1 5 2 4 2 6 3 5 4 5 5 6
7 15 0 2 0 3 0 4 0 5 0 6 1 3 1 4 1 5 1 6 2 4 2 6 3 5 3 6 4 5 4 6
7 16 0 2 0 3 0 4 0 5 0 6 1 3 1 4 1 5 1 6 2 4 2 5 2 6 3 6 4 5 4 6 5 6
7 10 0 2 0 3 0 4 0 5 1 3 1 4 1 5 2 4 2 5 3 5
7 11 0 2 0 3 0 4 0 5 1 3 1 4 1 5 2 4 2 5 3 5 5 6
7 13 0 2 0 3 0 4 0 5 1 3 1 4 1 5 1 6 2 4 2 5 2 6 3 5 4 6
7 14 0 2 0 3 0 4 0 5 1 3 1 4 1 5 1 6 2 4 2 5 2 6 3 5 3 6 4 6
7 12 0 2 0 3 0 4 0 5 0 6 1 3 1 4 1 5 2 4 2 5 3 5 5 6
7 14 0 2 0 3 0 4 0 5 0 6 1 3 1 4 1 5 1 6 2 4 2 5 3 5 4 6 5 6
7 15 0 2 0 3 0 4 0 5 0 6 1 3 1 4 1 5 1 6 2 4 2 5 2 6 3 5 4 6 5 6
7 15 0 2 0 3 0 4 0 5 0 6 1 3 1 4 1 5 1 6 2 4 2 5 2 6 3 5 3 6 4 6
7 16 0 2 0 3 0 4 0 5 0 6 1 3 1 4 1 5 1 6 2 4 2 5 2 6 3 4 3 5 3 6 4 6
7 11 0 2 0 3 0 4 0 5 1 3 1 4 1 5 2 3 2 4 2 5 4 6
7 11 0 2 0 3 0 4 0 5 1 3 1 4 1 5 2 3 2 4 2 5 3 5
7 13 0 2 0 3 0 4 0 5 1 2 1 3 1 4 1 5 2 5 3 4 4 5 4 6 5 6
7 12 0 2 0 3 0 4 0 5 0 6 1 2 1 3 1 4 1 5 2 3 4 6 5 6
7 9 0 1 1 6 2 4 2 5 2 6 3 4 3 5 3 6 4 5
7 8 0 1 0 6 1 6 2 3 2 4 2 6 3 5 3 6
7 10 0 1 0 6 1 2 1 6 2 6 3 4 3 6 4 5 4 6 5 6
7 10 0 1 0 6 1 2 1 6 2 6 3 4 3 5 3 6 4 5 5 6
7 5 0 1 1 2 2 3 4 5 5 6
7 6 0 1 1 2 2 3 3 4 4 5 5 6
7 6 0 1 1 2 2 3 3 4 3 6 4 5
7 7 0 1 1 2 2 3 2 6 3 4 3 6 4 5
7 9 0 1 1 2 1 6 2 3 2 6 3 4 3 6 4 5 4 6
7 7 0 1 0 6 1 2 2 3 3 4 4 5 5 6
7 8 0 1 0 6 1 2 2 3 3 4 3 6 4 5 5 6
7 10 0 1 0 6 1 2 1 6 2 3 2 6 3 4 3 6 4 5 4 6
7 11 0 1 0 6 1 2 1 6 2 3 2 6 3 4 3 6 4 5 4 6 5 6
7 5 0 1 1 2 2 3 3 4 3 5
7 6 0 1 1 2 2 3 2 5 3 4 5 6
7 9 0 1 0 6 1 2 1 6 2 3 2 5 3 4 3 6 4 6
7 8 0 1 1 2 1 6 2 3 2 5 3 4 4 5 5 6
7 7 0 1 1 2 2 3 2 5 3 4 3 5 5 6
7 6 0 1 1 2 1 5 2 3 3 4 3 6
7 7 0 1 1 2 1 5 1 6 2 3 3 4 5 6
7 9 0 1 0 6 1 2 1 5 1 6 2 3 3 4 3 6 5 6
7 7 0 1 1 2 1 5 2 3 3 4 3 5 5 6
7 8 0 1 1 2 1 5 2 3 3 4 3 5 4 5 5 6
7 7 0 1 0 5 1 2 2 3 3 4 4 5 5 6
7 8 0 1 0 5 0 6 1 2 2 3 3 4 4 5 5 6
7 11 0 1 0 5 0 6 1 2 1 6 2 3 2 6 3 4 3 6 4 5 4 6
7 9 0 1 0 5 1 2 2 3 2 5 2 6 3 4 4 5 4 6
7 9 0 1 0 5 1 2 1 6 2 3 2 5 2 6 3 4 4 5
7 12 0 1 0 5 0 6 1 2 1 5 1 6 2 3 2 6 3 4 4 5 4 6 5 6
7 9 0 1 0 5 1 2 1 5 2 3 2 5 2 6 3 4 4 5
7 10 0 1 0 5 1 2 1 5 1 6 2 3 2 5 2 6 3 4 4 5
7 13 0 1 0 5 1 2 1 5 1 6 2 3 2 5 2 6 3 4 3 5 3 6 4 6 5 6
7 10 0 1 0 5 1 2 1 5 2 3 2 5 2 6 3 4 3 5 4 5
7 7 0 1 1 2 1 4 2 3 2 5 4 6 5 6
7 8 0 1 1 2 1 4 2 3 2 5 4 5 4 6 5 6
7 12 0 1 0 5 1 2 1 4 1 6 2 3 2 5 2 6 3 4 4 5 4 6 5 6
7 13 0 1 0 5 0 6 1 2 1 4 1 5 1 6 2 3 3 4 3 5 3 6 4 5 4 6
7 12 0 1 0 4 1 2 1 5 1 6 2 3 2 5 3 4 3 6 4 5 4 6 5 6
7 12 0 1 0 4 0 5 1 2 1 5 1 6 2 3 2 6 3 4 3 6 4 5 4 6
7 11 0 1 0 4 0 5 0 6 1 2 1 5 2 3 2 5 3 4 3 6 4 6
7 13 0 1 0 4 0 5 0 6 1 2 1 5 1 6 2 3 2 5 3 4 3 6 4 5 4 6
7 9 0 1 0 4 1 2 1 5 2 3 2 4 3 5 4 6 5 6
7 10 0 1 0 4 1 2 1 5 2 3 2 4 3 5 4 5 4 6 5 6
7 10 0 1 0 4 1 2 1 5 2 3 2 4 2 5 3 5 4 6 5 6
7 11 0 1 0 4 0 5 0 6 1 2 2 3 2 4 2 6 3 4 4 5 4 6
7 11 0 1 0 4 0 5 1 2 1 4 2 3 2 4 2 5 2 6 3 4 3 6
7 13 0 1 0 5 0 6 1 2 1 3 1 5 2 3 2 6 3 4 3 6 4 5 4 6 5 6
7 6 0 1 1 2 1 3 2 3 2 4 3 5
7 8 0 1 0 3 1 2 2 3 2 4 2 6 4 5 5 6
7 7 0 1 0 3 0 4 1 2 2 3 4 5 4 6
7 8 0 1 0 3 0 4 1 2 2 3 4 5 4 6 5 6
7 10 0 1 0 3 0 4 1 2 1 4 2 3 2 4 3 5 4 5 5 6
7 11 0 1 0 3 0 4 1 2 1 4 2 3 2 4 3 5 4 5 4 6 5 6
7 12 0 1 0 3 0 4 0 6 1 2 1 4 2 3 2 4 3 5 4 5 4 6 5 6
7 9 0 1 0 2 0 6 1 3 2 4 3 5 3 6 4 5 4 6
7 12 0 1 0 2 0 6 1 3 1 6 2 4 2 6 3 5 3 6 4 5 4 6 5 6
7 6 0 1 0 2 1 3 2 3 2 5 3 6
7 11 0 1 0 2 1 3 1 6 2 3 2 6 3 4 3 5 4 5 4 6 5 6
7 9 0 1 0 2 1 3 2 3 2 4 3 5 4 5 4 6 5 6
7 8 0 1 0 2 1 3 2 3 2 4 2 6 3 5 4 5
7 10 0 1 0 2 1 3 2 3 2 4 2 6 3 5 4 5 4 6 5 6
7 13 0 1 0 2 0 5 1 3 1 4 2 3 2 4 2 6 3 5 3 6 4 5 4 6 5 6
7 14 0 1 0 2 0 5 1 3 1 4 2 3 2 4 2 5 2 6 3 5 3 6 4 5 4 6 5 6
7 3 0 1 0 2 0 3
7 6 0 1 0 2 0 3 4 5 4 6 5 6
7 8 0 1 0 2 0 3 0 4 0 5 2 4 3 5 5 6
7 9 0 1 0 2 0 3 0 4 0 5 2 4 2 5 3 5 5 6
7 10 0 1 0 2 0 3 0 4 1 3 1 4 2 4 4 5 4 6 5 6
7 12 0 1 0 2 0 3 1 3 2 3 2 4 2 5 2 6 3 4 3 5 4 5 4 6
7 11 0 1 0 2 1 2 1 6 2 6 3 4 3 5 3 6 4 5 4 6 5 6
7 10 0 1 0 2 0 6 1 2 2 6 3 4 3 5 3 6 4 5 5 6
7 12 0 1 0 2 0 6 1 2 1 6 2 6 3 4 3 5 3 6 4 5 4 6 5 6
7 10 0 1 0 2 0 5 0 6 1 2 2 3 2 6 3 4 4 5 4 6
7 12 0 1 0 2 0 5 0 6 1 2 2 3 2 6 3 4 3 5 3 6 4 5 5 6
7 11 0 1 0 2 1 2 2 3 2 4 3 4 3 5 3 6 4 5 4 6 5 6
7 12 0 1 0 2 1 2 2 3 2 4 2 5 3 4 3 5 3 6 4 5 4 6 5 6
7 12 0 1 0 2 0 4 0 5 0 6 1 2 2 3 2 4 2 6 3 4 4 5 4 6
7 9 0 1 0 2 1 2 1 3 1 4 2 4 2 5 3 4 4 5
7 12 0 1 0 2 0 6 1 2 1 3 1 4 2 4 2 5 3 4 3 6 4 5 5 6
7 11 0 1 0 2 1 2 1 3 1 4 1 5 2 4 2 6 3 4 4 5 5 6
7 11 0 1 0 2 1 2 1 3 1 4 1 5 2 4 2 5 2 6 3 4 5 6
7 12 0 1 0 2 0 3 0 4 1 2 1 5 2 3 2 5 3 4 3 5 4 5 5 6
7 12 0 1 0 2 0 3 1 2 1 3 2 3 2 4 2 5 3 5 3 6 4 5 5 6
7 12 0 1 0 2 0 3 0 4 1 2 1 3 1 4 1 5 2 3 2 5 2 6 3 6
8 10 0 4 0 5 0 6 0 7 1 5 1 6 1 7 2 6 2 7 3 7
8 10 0 4 0 6 1 4 1 5 2 5 2 7 3 6 3 7 4 5 6 7
8 12 0 4 0 5 0 6 0 7 1 4 1 5 2 3 2 4 2 5 2 7 3 5 4 6
8 17 0 4 0 5 0 6 0 7 1 3 1 4 1 5 1 6 1 7 2 5 2 6 2 7 3 4 3 5 3 6 3 7 5 7
8 17 0 4 0 5 0 6 0 7 1 3 1 4 1 5 1 6 2 4 2 5 2 6 2 7 3 4 3 5 3 6 3 7 5 7
8 18 0 4 0 5 0 6 0 7 1 3 1 4 1 5 1 6 1 7 2 4 2 5 2 6 2 7 3 4 3 5 3 6 3 7 5 7
8 11 1 3 1 4 1 5 1 7 2 3 2 6 3 4 3 6 4 5 4 6 6 7
8 14 0 5 0 7 1 3 1 4 1 5 1 7 2 3 2 6 3 4 3 6 4 5 4 6 5 7 6 7
8 11 0 3 0 4 1 5 2 3 2 4 2 6 3 5 3 7 4 5 4 7 5 6
8 13 0 3 0 4 0 5 0 6 1 3 2 4 3 4 3 5 3 7 4 6 4 7 5 7 6 7
8 15 0 3 0 4 0 5 0 6 1 3 1 4 1 5 1 7 2 5 2 7 3 5 3 6 4 6 4 7 6 7
8 19 0 3 0 4 0 6 0 7 1 3 1 4 1 5 1 6 1 7 2 4 2 5 2 6 2 7 3 5 3 7 4 6 4 7 5 6 6 7
8 14 0 3 0 4 0 5 0 6 1 3 1 4 1 5 1 7 2 4 2 5 3 5 3 6 4 6 6 7
8 10 1 2 1 6 2 4 2 5 2 7 3 5 3 7 4 7 5 6 5 7
8 13 0 7 1 2 1 4 1 5 1 6 1 7 2 3 2 5 2 6 2 7 3 6 4 5 5 6
8 12 0 5 0 7 1 2 1 3 2 3 2 5 3 4 3 5 3 7 4 5 4 6 5 6
8 18 0 3 0 4 0 5 0 6 0 7 1 2 1 4 1 5 1 6 1 7 2 5 2 7 3 4 3 6 3 7 4 6 5 6 5 7
8 9 0 2 0 7 1 7 2 7 3 5 3 6 4 6 5 6 6 7
8 15 0 2 0 6 0 7 1 4 1 7 2 4 2 5 3 5 3 6 4 5 4 6 4 7 5 6 5 7 6 7
8 15 0 2 0 5 0 6 0 7 1 4 1 6 1 7 2 4 2 5 2 7 3 4 3 5 3 6 3 7 4 6
8 14 0 2 0 5 0 6 0 7 1 4 1 6 1 7 2 4 2 5 2 6 3 4 3 5 3 7 4 6
8 15 0 2 0 5 0 6 0 7 1 4 1 6 1 7 2 4 2 5 2 6 2 7 3 4 3 5 3 7 4 6
8 15 0 2 0 5 0 6 0 7 1 4 1 6 1 7 2 4 2 5 2 6 2 7 3 4 3 5 3 6 4 6
8 16 0 2 0 5 0 6 0 7 1 4 1 6 1 7 2 4 2 5 2 6 2 7 3 4 3 5 3 6 3 7 4 6
8 15 0 2 0 5 0 6 0 7 1 4 1 5 1 6 1 7 2 4 2 6 2 7 3 4 3 5 3 7 4 6
8 16 0 2 0 5 0 6 0 7 1 4 1 5 1 6 1 7 2 4 2 5 2 6 2 7 3 4 3 5 3 7 4 6
8 12 0 2 0 6 0 7 1 3 1 5 1 7 2 4 2 6 3 4 3 5 4 6 5 7
8 13 0 2 0 6 0 7 1 3 1 5 1 7 2 4 2 6 3 4 3 5 4 6 4 7 5 7
8 12 0 2 0 5 0 7 1 3 2 4 2 7 3 4 3 5 4 5 4 7 5 7 6 7
8 13 0 2 0 5 0 7 1 3 2 4 2 7 3 4 3 5 4 5 4 7 5 6 5 7 6 7
8 14 0 2 0 5 0 7 1 3 2 4 2 7 3 4 3 5 4 5 4 6 4 7 5 6 5 7 6 7
8 13 0 2 0 5 0 7 1 3 1 4 2 4 2 7 3 4 3 5 4 5 4 7 5 7 6 7
8 14 0 2 0 5 0 7 1 3 1 4 2 4 2 7 3 4 3 5 4 5 4 7 5 6 5 7 6 7
8 14 0 2 0 5 0 7 1 3 1 4 2 4 2 7 3 4 3 5 4 5 4 6 4 7 5 7 6 7
8 15 0 2 0 5 0 7 1 3 1 4 2 4 2 7 3 4 3 5 4 5 4 6 4 7 5 6 5 7 6 7
8 18 0 2 0 5 0 6 0 7 1 3 1 4 1 6 1 7 2 4 2 5 2 7 3 4 3 5 3 6 4 6 4 7 5 6 5 7
8 19 0 2 0 5 0 6 0 7 1 3 1 4 1 6 1 7 2 4 2 5 2 7 3 4 3 5 3 6 4 6 4 7 5 6 5 7 6 7
8 20 0 2 0 5 0 6 0 7 1 3 1 4 1 6 1 7 2 4 2 5 2 7 3 4 3 5 3 6 4 5 4 6 4 7 5 6 5 7 6 7
8 15 0 2 0 5 0 7 1 3 1 4 1 5 2 4 2 7 3 4 3 5 4 5 4 7 5 6 5 7 6 7
8 16 0 2 0 5 0 7 1 3 1 4 1 5 2 4 2 7 3 4 3 5 4 5 4 6 4 7 5 6 5 7 6 7
8 16 0 2 0 4 0 6 1 3 1 5 1 7 2 4 2 6 3 5 3 7 4 5 4 6 4 7 5 6 5 7 6 7
8 20 0 2 0 4 0 5 0 6 0 7 1 3 1 4 1 5 1 6 1 7 2 4 2 5 2 6 2 7 3 4 3 5 3 6 3 7 4 6 5 7
8 12 0 2 0 6 1 3 1 4 1 5 1 7 2 3 3 4 3 6 4 5 4 6 6 7
8 17 0 2 0 4 0 6 0 7 1 3 1 5 1 7 2 3 2 4 2 5 2 6 3 4 3 5 3 7 4 5 4 6 5 7
8 16 0 2 0 4 0 5 0 6 0 7 1 3 1 4 1 5 1 6 1 7 2 3 2 6 3 4 4 5 4 6 6 7
8 18 0 2 0 4 0 5 0 6 0 7 1 3 1 4 1 5 1 6 1 7 2 3 2 4 2 5 2 7 3 4 4 7 5 6 5 7
8 12 0 2 0 3 0 6 1 4 1 6 1 7 2 4 2 7 3 5 3 7 4 5 5 6
8 14 0 2 0 3 0 6 0 7 1 4 2 4 2 6 3 4 3 5 3 6 3 7 4 6 4 7 5 7
8 13 0 2 0 3 0 4 0 5 0 6 0 7 1 7 2 4 2 7 3 5 3 7 4 7 5 7
8 14 0 2 0 3 0 4 0 5 1 4 1 5 2 4 2 5 2 6 3 5 3 6 3 7 4 6 6 7
8 20 0 2 0 3 0 4 0 5 0 6 0 7 1 4 1 5 1 6 1 7 2 3 2 5 2 6 2 7 3 4 3 6 3 7 4 6 5 7 6 7
8 17 0 2 0 3 0 5 0 6 0 7 1 3 1 5 1 6 1 7 2 5 2 6 2 7 3 5 3 6 3 7 4 6 4 7
8 16 0 2 0 3 0 5 0 6 0 7 1 3 1 6 1 7 2 6 2 7 3 4 3 6 3 7 4 7 5 6 6 7
8 13 0 2 0 3 0 6 0 7 1 3 1 4 1 6 2 4 2 5 2 7 3 6 4 5 5 7
8 14 0 2 0 3 0 6 0 7 1 3 1 4 1 6 2 4 2 5 2 7 3 6 3 7 4 5 5 7
8 13 0 2 0 3 1 3 1 4 1 5 1 7 2 4 2 6 3 5 4 6 4 7 5 7 6 7
8 15 0 2 0 3 0 5 0 6 0 7 1 3 1 4 1 6 2 4 2 5 2 6 3 6 3 7 4 6 5 7
8 14 0 2 0 3 0 5 0 7 1 3 1 4 2 4 2 7 3 4 3 5 4 5 4 7 5 7 6 7
8 17 0 2 0 3 0 4 0 5 0 6 0 7 1 3 1 5 1 7 2 4 2 5 2 6 3 5 3 7 4 6 4 7 5 7
8 16 0 2 0 3 0 4 0 6 0 7 1 3 1 6 1 7 2 4 2 5 3 4 3 5 3 7 4 6 4 7 5 7
8 13 0 2 0 3 0 4 0 5 1 3 1 4 1 5 1 7 2 5 2 6 2 7 3 5 3 6
8 16 0 2 0 3 0 4 0 5 1 3 1 4 1 5 1 7 2 5 2 6 2 7 3 5 3 6 4 6 4 7 6 7
8 12 0 2 0 3 0 4 0 7 1 3 1 4 1 5 1 6 2 4 3 5 3 7 4 6
8 13 0 2 0 3 0 4 0 7 1 3 1 4 1 5 1 6 1 7 2 4 3 5 3 7 4 6
8 14 0 2 0 3 0 4 0 7 1 3 1 4 1 5 1 6 1 7 2 4 3 5 3 7 4 6 6 7
8 14 0 2 0 3 0 4 0 7 1 3 1 4 1 5 1 6 1 7 2 4 3 5 3 6 3 7 4 6
8 15 0 2 0 3 0 4 0 7 1 3 1 4 1 5 1 6 1 7 2 4 3 5 3 6 3 7 4 6 6 7
8 14 0 2 0 3 0 4 0 6 0 7 1 3 1 4 1 5 1 6 1 7 2 4 3 5 3 7 4 6
8 15 0 2 0 3 0 4 0 6 0 7 1 3 1 4 1 5 1 6 1 7 2 4 3 5 3 7 4 6 6 7
8 15 0 2 0 3 0 4 0 7 1 3 1 4 1 5 1 6 2 4 2 5 2 7 3 5 3 6 4 7 5 6
8 16 0 2 0 3 0 4 0 7 1 3 1 4 1 5 1 6 2 4 2 5 2 7 3 5 3 6 4 7 5 6 6 7
8 15 0 2 0 3 0 4 0 5 1 3 1 4 1 5 1 7 2 4 2 5 2 6 3 5 3 6 4 6 6 7
8 21 0 2 0 3 0 4 0 5 0 7 1 3 1 4 1 5 1 6 1 7 2 4 2 5 2 6 2 7 3 5 3 6 3 7 4 6 4 7 5 7 6 7
8 20 0 2 0 3 0 4 0 5 0 6 0 7 1 3 1 4 1 5 1 7 2 4 2 5 2 6 3 5 3 6 3 7 4 6 4 7 5 6 5 7
8 20 0 2 0 3 0 4 0 5 0 6 1 3 1 4 1 5 1 6 1 7 2 4 2 5 2 6 2 7 3 5 3 6 3 7 4 6 4 7 5 7
8 14 0 2 0 3 0 6 0 7 1 3 1 4 1 7 2 3 2 4 2 5 3 5 4 6 5 6 5 7
8 17 0 2 0 3 0 4 0 5 0 7 1 3 1 4 1 5 1 6 1 7 2 3 2 6 3 5 3 7 4 7 5 6 5 7
8 17 0 2 0 3 0 4 0 5 0 7 1 3 1 4 1 5 1 6 1 7 2 3 2 6 3 4 3 6 4 5 4 6 6 7
8 14 0 2 0 7 1 2 1 4 1 5 1 6 1 7 2 3 2 5 2 6 2 7 3 6 4 5 5 6
8 15 0 2 0 3 0 6 1 2 1 4 1 5 1 6 1 7 2 4 2 5 2 7 3 5 3 7 4 5 5 6
8 13 0 2 0 3 0 4 0 5 1 2 1 5 2 5 2 6 3 5 3 6 3 7 4 6 6 7
8 15 0 1 0 6 0 7 1 3 1 4 1 6 1 7 2 3 2 4 2 7 3 4 4 5 4 7 5 6 5 7
8 13 0 1 0 4 0 5 0 7 1 3 2 3 2 6 3 4 3 6 4 6 4 7 5 7 6 7
8 14 0 1 0 3 0 4 0 5 0 6 1 3 2 4 3 4 3 5 3 7 4 6 4 7 5 7 6 7
8 11 0 1 0 6 1 2 2 4 2 5 2 7 3 5 3 7 4 7 5 6 5 7
8 11 0 1 0 6 1 2 2 4 2 5 2 7 3 4 3 6 4 5 4 6 6 7
8 14 0 1 0 4 0 5 1 2 1 5 1 6 2 6 2 7 3 4 3 6 3 7 4 5 4 7 6 7
8 8 0 1 0 7 1 2 2 3 3 4 4 5 5 6 6 7
8 8 0 1 1 2 1 6 2 3 2 7 3 4 4 5 6 7
8 7 0 1 0 6 1 2 2 3 3 4 4 5 5 6
8 13 0 1 0 6 0 7 1 2 1 6 2 3 2 7 3 4 3 7 4 5 4 7 5 6 5 7
8 12 0 1 0 5 0 6 1 2 1 7 2 3 2 6 3 4 3 7 4 5 4 6 5 7
8 13 0 1 0 5 0 6 1 2 1 7 2 3 2 6 3 4 3 7 4 5 4 6 5 7 6 7
8 13 0 1 0 5 1 2 2 3 2 5 2 6 2 7 3 4 3 6 4 5 4 7 5 6 5 7
8 14 0 1 0 5 1 2 2 3 2 5 2 6 2 7 3 4 3 6 4 5 4 7 5 6 5 7 6 7
8 13 0 1 0 5 0 6 1 2 2 3 2 5 2 6 2 7 3 4 4 5 4 7 5 6 5 7
8 14 0 1 0 5 0 6 1 2 2 3 2 5 2 6 2 7 3 4 4 5 4 7 5 6 5 7 6 7
8 14 0 1 0 5 0 6 1 2 2 3 2 5 2 6 2 7 3 4 3 6 4 5 4 7 5 6 5 7
8 15 0 1 0 5 0 6 1 2 2 3 2 5 2 6 2 7 3 4 3 6 4 5 4 7 5 6 5 7 6 7
8 16 0 1 0 5 0 6 1 2 1 7 2 3 2 5 2 6 2 7 3 4 3 6 4 5 4 7 5 6 5 7 6 7
8 12 0 1 0 6 0 7 1 2 1 6 2 3 2 4 3 4 3 7 4 5 5 6 5 7
8 15 0 1 0 6 0 7 1 2 1 6 2 3 2 4 3 4 3 7 4 5 4 6 4 7 5 6 5 7 6 7
8 12 0 1 0 5 1 2 1 4 1 5 2 3 2 6 2 7 3 6 4 5 5 6 6 7
8 11 0 1 1 2 1 4 1 6 2 3 2 7 3 4 3 6 4 5 5 6 6 7
8 14 0 1 0 4 0 6 1 2 1 5 1 6 1 7 2 3 2 5 2 6 3 6 3 7 4 6 5 6
8 13 0 1 0 4 1 2 1 5 1 7 2 3 2 7 3 4 3 5 4 5 4 7 5 6 6 7
8 15 0 1 0 4 0 5 0 6 0 7 1 2 1 6 2 3 2 5 2 7 3 4 3 6 3 7 4 5 5 6
8 14 0 1 0 4 0 5 1 2 1 5 1 7 2 3 2 6 3 4 3 5 4 6 4 7 5 6 6 7
8 15 0 1 0 4 0 5 1 2 1 5 1 7 2 3 2 6 3 4 3 5 3 7 4 6 4 7 5 6 6 7
8 14 0 1 0 4 0 5 1 2 1 4 1 6 2 3 2 5 2 7 3 6 3 7 4 5 5 6 6 7
8 12 0 1 0 4 1 2 1 4 1 5 2 3 2 4 2 5 3 5 4 5 4 6 5 7
8 11 0 1 0 4 1 2 1 4 2 3 2 4 3 4 4 5 5 6 5 7 6 7
8 8 0 1 1 2 1 3 2 4 3 5 4 5 4 7 5 6
8 14 0 1 0 6 0 7 1 2 1 3 1 6 1 7 2 3 2 7 3 4 4 5 4 7 5 6 5 7
8 14 0 1 1 2 1 3 1 4 1 5 1 6 2 3 2 6 3 4 3 6 4 5 4 6 5 6 6 7
8 15 0 1 1 2 1 3 1 4 1 5 1 6 2 3 2 5 2 6 3 4 3 6 4 5 4 6 5 6 6 7
8 14 0 1 0 4 0 5 1 2 1 3 1 5 1 6 1 7 2 3 2 5 2 7 4 5 5 6 6 7
8 16 0 1 0 4 0 5 0 7 1 2 1 3 1 5 2 3 2 5 2 6 3 4 3 6 4 6 4 7 5 7 6 7
8 10 0 1 0 3 1 2 2 6 3 5 3 6 3 7 4 5 4 6 6 7
8 12 0 1 0 3 1 2 2 4 2 5 2 7 3 5 3 6 3 7 4 7 5 6 5 7
8 11 0 1 0 3 0 5 1 2 1 4 1 6 2 7 3 6 4 7 5 6 6 7
8 16 0 1 0 3 0 4 0 5 0 7 1 2 1 6 2 4 2 5 2 6 2 7 3 5 3 7 4 7 5 6 5 7
8 8 0 1 0 3 1 2 2 3 4 5 4 7 5 6 6 7
8 12 0 1 0 3 0 5 0 7 1 2 1 4 1 6 2 3 2 5 2 7 3 4 3 6
8 12 0 1 0 3 0 4 0 6 1 2 1 6 1 7 2 3 2 5 2 6 3 6 3 7
8 13 0 1 0 3 0 4 0 6 1 2 1 6 1 7 2 3 2 5 2 6 3 6 3 7 4 6
8 8 0 1 0 3 0 4 1 2 1 5 2 3 2 6 3 7
8 9 0 1 0 3 0 4 1 2 1 5 2 3 2 6 3 7 4 5
8 10 0 1 0 3 0 4 1 2 1 5 2 3 2 6 3 7 4 5 6 7
8 13 0 1 0 3 0 4 0 6 1 2 1 5 1 6 1 7 2 3 2 5 2 6 3 6 3 7
8 14 0 1 0 3 0 4 0 6 1 2 1 5 1 6 1 7 2 3 2 5 2 6 3 6 3 7 5 6
8 14 0 1 0 3 0 4 0 6 1 2 1 5 1 6 1 7 2 3 2 5 2 6 3 6 3 7 4 6
8 15 0 1 0 3 0 4 0 6 1 2 1 5 1 6 1 7 2 3 2 5 2 6 3 6 3 7 4 6 5 6
8 14 0 1 0 3 0 4 0 6 1 2 1 4 1 5 1 6 1 7 2 3 2 5 2 6 3 6 3 7
8 15 0 1 0 3 0 4 0 6 1 2 1 4 1 5 1 6 1 7 2 3 2 5 2 6 3 6 3 7 4 6
8 16 0 1 0 3 0 4 0 6 1 2 1 4 1 5 1 6 1 7 2 3 2 5 2 6 3 6 3 7 4 6 5 6
8 15 0 1 0 3 0 4 0 5 1 2 1 4 1 6 2 3 2 5 2 7 3 6 3 7 4 5 5 6 6 7
8 16 0 1 0 3 0 4 0 5 1 2 1 4 1 6 2 3 2 5 2 7 3 6 3 7 4 5 4 7 5 6 6 7
8 12 0 1 0 3 0 4 1 2 1 3 2 3 3 6 4 5 4 7 5 6 5 7 6 7
8 13 0 1 0 3 0 4 1 2 1 3 2 3 2 5 3 6 4 5 4 7 5 6 5 7 6 7
8 12 0 1 0 3 0 4 1 2 1 3 1 5 2 3 4 5 4 7 5 6 5 7 6 7
8 13 0 1 0 3 0 4 1 2 1 3 1 5 2 3 3 7 4 5 4 7 5 6 5 7 6 7
8 13 0 1 0 3 0 4 1 2 1 3 1 5 2 3 3 6 4 5 4 7 5 6 5 7 6 7
8 14 0 1 0 3 0 4 1 2 1 3 1 5 2 3 2 7 3 6 4 5 4 7 5 6 5 7 6 7
8 13 0 1 0 3 0 4 1 2 1 3 1 5 2 3 2 6 4 5 4 7 5 6 5 7 6 7
8 14 0 1 0 3 0 4 1 2 1 3 1 5 2 3 2 6 3 7 4 5 4 7 5 6 5 7 6 7
8 13 0 1 0 3 0 4 0 5 1 2 1 3 1 5 1 6 2 3 2 6 2 7 3 4 3 7
8 19 0 1 0 3 0 4 0 5 0 6 1 2 1 3 1 4 1 5 1 6 2 3 2 4 2 5 2 6 3 4 3 7 4 5 4 7 5 7
8 10 0 1 0 2 1 3 2 3 2 4 2 6 3 5 4 5 4 7 6 7
8 16 0 1 0 2 0 3 0 4 0 6 1 4 1 5 1 6 1 7 2 4 2 6 2 7 3 6 4 7 5 7 6 7
8 15 0 1 0 2 0 3 0 4 0 5 0 6 1 3 2 4 3 4 3 5 3 7 4 6 4 7 5 7 6 7
8 18 0 1 0 2 0 3 0 4 0 5 0 6 0 7 1 3 1 4 1 5 1 7 2 3 2 6 3 4 3 6 4 5 4 6 6 7
8 14 0 1 0 2 0 7 1 2 1 6 2 3 2 6 2 7 3 4 3 7 4 5 4 7 5 6 5 7
8 9 0 1 0 2 0 5 1 2 2 3 3 4 3 6 4 5 5 7
8 13 0 1 0 2 0 7 1 2 1 6 2 3 2 4 2 6 3 4 3 7 4 5 5 6 5 7
8 15 0 1 0 2 0 7 1 2 1 4 1 5 1 6 1 7 2 3 2 5 2 6 2 7 3 6 4 5 5 6
8 17 0 1 0 2 0 5 0 6 0 7 1 2 1 3 1 4 1 6 1 7 2 5 2 7 3 4 3 6 4 6 5 7 6 7
8 14 0 1 0 2 0 3 0 4 0 6 1 2 1 6 2 4 2 5 2 7 3 5 3 7 4 7 5 6
8 17 0 1 0 2 0 3 0 4 0 5 0 6 0 7 1 2 1 6 2 4 2 5 2 7 3 5 3 7 4 7 5 6 5 7
8 10 0 1 0 2 0 3 1 2 2 3 4 5 4 6 4 7 5 6 6 7
8 11 0 1 0 2 0 3 1 2 1 7 2 3 4 5 4 6 4 7 5 6 6 7
8 11 0 1 0 2 0 3 1 2 2 3 2 4 4 5 4 6 4 7 5 6 6 7
8 16 0 1 0 2 0 3 1 2 1 3 1 6 1 7 2 6 3 4 3 6 3 7 4 5 4 7 5 6 5 7 6 7
8 18 0 1 0 2 0 3 0 5 0 7 1 2 1 3 1 6 1 7 2 3 2 4 2 6 3 4 3 5 4 6 4 7 5 6 5 7
8 18 0 1 0 2 0 3 1 2 1 3 1 4 2 3 2 4 2 5 3 4 3 5 3 6 4 5 4 6 4 7 5 6 5 7 6 7
8 14 0 1 0 2 0 3 0 4 0 5 1 2 1 3 1 5 1 6 2 3 2 6 2 7 3 4 3 7
9 19 0 5 0 6 1 6 1 7 1 8 2 6 2 7 2 8 3 5 3 7 3 8 4 5 4 7 4 8 5 7 5 8 6 7 6 8 7 8
9 21 0 4 0 5 0 7 1 3 1 5 1 8 2 3 2 4 2 6 3 4 3 5 3 7 3 8 4 5 4 6 4 8 5 6 5 7 6 7 6 8 7 8
9 12 0 3 0 7 1 2 2 3 2 5 2 7 3 4 4 5 4 7 5 6 6 7 7 8
9 15 0 2 0 7 0 8 1 7 2 7 2 8 3 5 3 6 3 8 4 6 5 6 5 7 6 7 6 8 7 8
9 16 0 2 0 7 0 8 1 7 1 8 2 7 2 8 3 5 3 6 3 8 4 6 5 6 5 7 6 7 6 8 7 8
9 13 0 2 0 5 0 8 1 3 1 4 1 5 1 8 2 8 4 6 4 8 5 7 5 8 6 8
9 12 0 2 0 4 0 5 0 8 1 3 1 4 1 5 1 8 4 6 4 8 5 7 5 8
9 13 0 2 0 4 0 5 0 8 1 3 1 4 1 5 1 8 2 8 4 6 4 8 5 7 5 8
9 14 0 2 0 4 0 5 0 8 1 3 1 4 1 5 1 8 2 8 4 6 4 8 5 7 5 8 6 8
9 23 0 2 0 3 0 4 0 5 0 6 0 8 1 3 1 5 1 7 1 8 2 4 2 5 2 6 2 7 3 5 3 7 3 8 4 6 4 7 4 8 5 7 5 8 7 8
9 25 0 2 0 3 0 4 0 5 0 6 0 7 0 8 1 3 1 5 1 7 1 8 2 4 2 5 2 6 2 7 3 5 3 7 3 8 4 6 4 7 4 8 5 7 5 8 6 8 7 8
9 15 0 2 0 3 0 4 0 7 1 3 1 4 1 5 1 6 2 4 3 5 3 7 4 6 6 7 6 8 7 8
9 17 0 2 0 3 0 4 0 7 1 3 1 4 1 5 1 6 2 4 3 5 3 7 3 8 4 6 4 8 6 7 6 8 7 8
9 17 0 2 0 3 0 4 0 7 1 3 1 4 1 5 1 6 1 8 2 4 3 5 3 7 4 6 4 8 6 7 6 8 7 8
9 21 0 2 0 3 0 4 0 7 1 3 1 4 1 5 1 7 1 8 2 4 2 5 2 8 3 5 3 6 3 8 4 6 5 6 5 7 6 7 6 8 7 8
9 27 0 2 0 3 0 4 0 6 0 7 0 8 1 3 1 4 1 5 1 7 1 8 2 4 2 5 2 6 2 7 2 8 3 5 3 6 3 8 4 6 4 7 4 8 5 6 5 7 6 7 6 8 7 8
9 26 0 2 0 3 0 4 0 5 0 6 0 7 0 8 1 3 1 4 1 6 1 7 1 8 2 4 2 5 2 7 2 8 3 5 3 6 3 8 4 5 4 6 4 7 4 8 5 7 5 8 7 8
9 24 0 2 0 3 0 4 0 5 0 6 1 3 1 4 1 5 1 6 1 7 1 8 2 4 2 5 2 6 2 7 3 5 3 6 3 7 3 8 4 6 4 7 5 7 5 8 7 8
9 27 0 2 0 3 0 4 0 5 0 6 0 7 0 8 1 3 1 4 1 5 1 6 1 7 1 8 2 4 2 5 2 6 2 8 3 5 3 6 3 7 3 8 4 6 4 8 5 7 5 8 6 7 6 8
9 28 0 2 0 3 0 4 0 5 0 6 0 7 0 8 1 3 1 5 1 6 1 7 1 8 2 3 2 4 2 5 2 6 2 7 2 8 3 5 3 6 3 7 3 8 4 6 4 8 5 6 5 7 5 8 6 8
9 27 0 2 0 3 0 4 0 5 0 6 0 7 0 8 1 3 1 4 1 5 1 6 1 7 1 8 2 3 2 4 2 6 2 7 3 5 3 6 3 7 3 8 4 6 4 7 4 8 5 6 5 7 6 8
9 9 0 1 1 2 2 5 2 8 3 4 4 5 5 8 6 7 7 8
9 8 0 1 1 2 1 4 3 4 4 5 4 7 6 7 7 8
9 9 0 1 1 2 2 3 2 7 3 4 4 5 4 7 5 6 7 8
9 12 0 1 0 7 0 8 1 2 2 3 2 8 3 4 4 5 4 8 5 6 6 7 6 8
9 10 0 1 1 2 1 5 2 3 2 6 3 4 3 7 5 6 6 7 6 8
9 9 0 1 0 5 1 2 1 6 2 3 3 4 3 7 4 5 5 8
9 15 0 1 0 5 0 6 0 8 1 2 1 6 2 3 2 6 2 7 3 4 3 7 4 5 4 7 4 8 5 8
9 19 0 1 0 5 0 6 0 8 1 2 1 7 2 3 2 5 2 6 2 7 2 8 3 4 3 6 3 8 4 5 4 7 5 6 5 7 5 8
9 19 0 1 0 5 0 6 0 8 1 2 1 7 1 8 2 3 2 5 2 6 2 7 2 8 3 4 3 6 4 5 4 7 5 6 5 7 5 8
9 21 0 1 0 5 0 6 0 8 1 2 1 7 1 8 2 3 2 5 2 6 2 7 2 8 3 4 3 6 3 8 4 5 4 7 4 8 5 6 5 7 5 8
9 11 0 1 1 2 1 4 1 6 2 3 2 8 3 4 3 6 4 5 5 6 6 7
9 13 0 1 0 7 1 2 1 4 1 6 2 3 2 8 3 4 3 6 4 5 5 6 6 7 6 8
9 22 0 1 0 3 0 6 0 7 1 2 1 6 1 7 2 3 2 4 2 5 2 6 2 7 3 4 3 5 3 6 3 7 3 8 4 5 4 7 5 6 6 7 7 8
9 23 0 1 0 3 0 6 0 7 1 2 1 6 1 7 2 3 2 4 2 5 2 6 2 7 3 4 3 5 3 6 3 7 3 8 4 5 4 7 5 6 6 7 6 8 7 8
9 24 0 1 0 3 0 6 0 7 1 2 1 6 1 7 2 3 2 4 2 5 2 6 2 7 2 8 3 4 3 5 3 6 3 7 3 8 4 5 4 7 5 6 6 7 6 8 7 8
9 23 0 1 0 3 0 4 0 6 0 7 1 2 1 6 1 7 2 3 2 4 2 5 2 6 2 7 3 4 3 5 3 6 3 7 3 8 4 5 4 7 5 6 6 7 7 8
9 20 0 1 0 3 0 4 0 5 0 6 1 2 1 3 1 4 1 5 1 6 2 3 2 4 2 5 2 6 3 4 3 7 4 5 4 7 4 8 5 8
9 21 0 1 0 3 0 4 0 5 0 6 1 2 1 3 1 4 1 5 1 6 1 8 2 3 2 4 2 5 2 6 3 4 3 7 4 5 4 7 4 8 5 8
9 24 0 1 0 2 0 4 0 5 0 6 0 8 1 3 1 4 1 5 1 6 1 7 1 8 2 4 2 6 2 8 3 5 3 6 3 7 3 8 4 6 4 8 5 7 5 8 6 8
9 15 0 1 0 2 0 3 0 6 0 8 1 2 1 4 1 6 1 7 2 5 2 7 2 8 3 6 4 7 5 8
9 18 0 1 0 2 0 3 0 6 1 2 1 4 1 7 2 5 2 8 3 4 3 5 3 6 4 5 4 7 5 8 6 7 6 8 7 8
9 17 0 1 0 2 0 3 0 4 0 7 0 8 1 2 1 3 1 4 1 5 2 3 2 4 2 5 3 4 3 6 4 6 5 6
10 19 0 4 0 5 0 7 1 3 1 4 1 5 1 8 1 9 2 4 2 5 2 6 2 8 2 9 3 5 3 6 4 6 4 7 5 7 8 9
10 25 0 3 0 4 0 5 0 6 0 7 1 4 1 5 1 6 1 7 1 8 2 5 2 6 2 7 2 8 2 9 3 6 3 7 3 8 3 9 4 7 4 8 4 9 5 8 5 9 6 9
10 22 0 2 0 7 0 8 0 9 1 8 2 6 2 8 2 9 3 5 3 6 3 7 3 9 4 7 5 6 5 7 5 8 6 7 6 8 6 9 7 8 7 9 8 9
10 23 0 2 0 7 0 8 0 9 1 8 2 6 2 8 2 9 3 5 3 6 3 7 3 9 4 6 4 7 5 6 5 7 5 8 6 7 6 8 6 9 7 8 7 9 8 9
10 24 0 2 0 7 0 8 0 9 1 8 1 9 2 6 2 8 2 9 3 5 3 6 3 7 3 9 4 6 4 7 5 6 5 7 5 8 6 7 6 8 6 9 7 8 7 9 8 9
10 23 0 2 0 5 0 7 0 8 0 9 1 8 2 6 2 8 2 9 3 5 3 6 3 7 3 9 4 7 5 6 5 7 5 8 6 7 6 8 6 9 7 8 7 9 8 9
10 30 0 2 0 3 0 7 0 8 0 9 1 3 1 4 1 5 1 8 1 9 2 4 2 5 2 6 2 9 3 5 3 6 3 7 4 6 4 7 4 8 5 6 5 7 5 8 5 9 6 7 6 8 6 9 7 8 7 9 8 9
10 30 0 2 0 3 0 6 0 7 0 8 0 9 1 3 1 4 1 5 1 7 1 8 1 9 2 4 2 5 2 6 2 8 2 9 3 5 3 6 3 7 3 9 4 5 4 6 4 7 4 8 5 7 5 8 6 8 6 9 7 9
10 33 0 2 0 3 0 4 0 6 0 7 0 8 0 9 1 3 1 4 1 5 1 7 1 8 1 9 2 4 2 5 2 6 2 8 2 9 3 5 3 6 3 7 3 8 3 9 4 6 4 7 4 8 5 6 5 7 5 9 6 8 6 9 7 8 7 9
10 35 0 2 0 3 0 4 0 6 0 7 0 8 0 9 1 3 1 4 1 5 1 7 1 8 1 9 2 4 2 5 2 6 2 8 2 9 3 5 3 6 3 7 3 8 3 9 4 6 4 7 4 8 5 6 5 7 5 9 6 7 6 8 6 9 7 8 7 9 8 9
10 28 0 2 0 3 0 4 0 7 0 8 0 9 1 3 1 4 1 5 1 7 1 8 1 9 2 4 2 5 2 9 3 5 3 6 3 7 3 9 4 5 4 6 4 7 5 7 5 8 5 9 6 8 6 9 7 9
10 31 0 2 0 3 0 4 0 5 0 6 0 8 0 9 1 3 1 4 1 5 1 6 1 7 1 8 1 9 2 4 2 5 2 6 2 9 3 5 3 6 3 7 3 8 3 9 4 6 4 9 5 7 5 8 5 9 6 7 6 9 7 8
10 31 0 2 0 3 0 4 0 5 0 7 0 8 0 9 1 3 1 4 1 5 1 7 1 8 1 9 2 3 2 4 2 5 2 7 2 8 2 9 3 5 3 7 3 8 3 9 4 7 4 8 4 9 5 7 5 8 5 9 6 8 6 9
10 14 0 1 0 6 1 2 1 6 2 6 3 4 3 6 4 5 4 6 5 6 6 7 7 8 7 9 8 9
10 9 0 1 1 2 2 3 3 4 3 7 4 5 5 6 7 8 8 9
10 14 0 1 0 7 1 2 2 3 2 7 2 8 3 4 4 5 4 7 4 8 5 6 6 8 7 9 8 9
10 11 0 1 1 2 2 3 2 6 3 4 3 7 4 5 6 7 6 8 7 9 8 9
10 17 0 1 0 5 0 6 1 2 1 6 2 3 2 6 2 7 2 8 3 4 3 8 4 8 4 9 5 6 6 7 7 8 8 9
10 10 0 1 0 5 1 2 1 6 2 3 2 7 3 4 4 5 4 9 5 8
10 12 0 1 0 5 1 2 1 6 2 3 2 7 3 4 4 5 4 9 5 8 6 7 8 9
10 15 0 1 0 4 0 5 1 2 1 6 2 3 2 7 3 4 3 8 4 9 5 6 5 9 6 7 7 8 8 9
10 15 0 1 0 4 0 5 0 6 1 2 1 6 1 7 2 3 2 7 2 8 3 4 3 8 3 9 4 5 4 9
10 9 0 1 0 3 0 7 1 2 3 4 3 5 4 9 5 6 7 8
10 22 0 1 0 3 0 4 0 6 1 2 1 3 1 4 1 5 1 6 1 7 1 9 2 3 2 4 2 5 2 7 3 4 3 8 4 5 4 6 4 8 4 9 5 9
10 21 0 1 0 3 0 4 0 5 0 6 1 2 1 3 1 4 1 5 1 6 1 7 2 3 2 4 2 5 2 7 3 4 3 8 4 5 4 8 4 9 5 9
10 22 0 1 0 3 0 4 0 5 0 6 1 2 1 3 1 4 1 5 1 6 1 7 1 9 2 3 2 4 2 5 2 7 3 4 3 8 4 5 4 8 4 9 5 9
10 23 0 1 0 3 0 4 0 5 0 6 1 2 1 3 1 4 1 5 1 6 1 7 1 9 2 3 2 4 2 5 2 7 3 4 3 8 4 5 4 6 4 8 4 9 5 9
10 20 0 1 0 2 0 8 0 9 1 2 1 3 1 9 2 3 2 4 3 4 3 5 4 5 4 6 5 6 5 7 6 7 6 8 7 8 7 9 8 9
10 26 0 1 0 2 0 3 0 6 0 8 0 9 1 2 1 6 1 7 2 3 2 7 3 4 3 7 3 8 3 9 4 5 4 8 4 9 5 6 5 8 5 9 6 7 6 8 6 9 7 8 7 9
11 10 0 1 1 2 2 3 2 10 3 4 5 6 6 7 7 8 7 10 8 9
11 12 0 1 1 2 2 3 2 7 3 4 3 9 3 10 4 5 4 8 5 6 7 9 8 9
11 31 0 1 0 5 0 6 0 9 1 2 1 7 1 8 1 9 2 3 2 5 2 6 2 7 2 8 2 9 2 10 3 4 3 6 3 8 3 9 3 10 4 5 4 7 4 8 4 10 5 6 5 7 5 10 6 8 7 8 7 10 9 10
13 39 0 4 0 5 0 6 0 7 0 8 0 9 1 5 1 6 1 7 1 8 1 9 1 10 2 6 2 7 2 8 2 9 2 10 2 11 3 7 3 8 3 9 3 10 3 11 3 12 4 8 4 9 4 10 4 11 4 12 5 9 5 10 5 11 5 12 6 10 6 11 6 12 7 11 7 12 8 12
13 15 0 1 0 5 1 2 2 3 2 6 3 4 3 9 4 5 4 12 6 7 7 8 8 9 9 10 10 11 11 12
13 39 0 1 0 2 0 3 0 10 0 11 0 12 1 2 1 3 1 4 1 11 1 12 2 3 2 4 2 5 2 12 3 4 3 5 3 6 4 5 4 6 4 7 5 6 5 7 5 8 6 7 6 8 6 9 7 8 7 9 7 10 8 9 8 10 8 11 9 10 9 11 9 12 10 11 10 12 11 12
